1
-1 -1 0.04589486122131348
-1 -1 0.01893138885498047
-1 -1 0.007978439331054688
-1 -1 0.13065075874328613
-1 -1 2.5805461406707764
----------------------------
10
True
735 7264 0.3560481071472168
True
1258 12457 0.6622381210327148
True
462 4532 0.1984694004058838
True
320 2984 0.12167692184448242
True
1400 13819 0.7630782127380371
----------------------------
50
True
161 7035 0.2936985492706299
True
196 8733 0.38590025901794434
True
342 16051 0.7434237003326416
(py10) PS C:\Users\priot\Documents\An 4\Sem I\IA\Tema1> python .\solver.py
1000
1
-1 -1 0.1186838150024414
-1 -1 82.16703987121582
-1 -1 14.506222009658813
-1 -1 0.1356370449066162
-1 -1 0.13862895965576172
----------------------------
10
True
5712 56988 42.08783721923828
True
4375 43587 19.38431215286255
True
14205 141847 397.6583113670349
True
9122 91075 166.541583776474
True
3925 39171 14.643110990524292
----------------------------
50
True
1912 94863 8.450653076171875
True
1999 98883 10.124284029006958
True
1649 81806 8.342225074768066
True
3382 168253 96.14639377593994
True
4803 239636 337.80775213241577
----------------------------
100
True
2800 278015 123.6964213848114
True
555 52913 3.5365049839019775
True
2893 287603 166.15285778045654
True
720 69810 4.545130491256714
True
703 68904 4.677505731582642
----------------------------
500
True
352 159332 10.678319931030273
True
895 428773 34.94052505493164
True
545 258350 18.456257581710815
True
262 114564 7.302718639373779
True
277 125859 8.662100791931152
----------------------------